3743240
4306601
4688028
6705939
9172940
6785102
6500759
6580427
6516054
6517551
6453736
7010564
7606798
6309857
7044545
6489542
7862430
6954328
5916348
6929672
5545724
6606341
7655517
6376376
5130138
6120475
5983538
3882248
3682385
4842166
4679531
6708755
3090708
5839925
7559640
8598076
6181594
3555434
8815182
4015090
4651007
7044574
5772563
7127934
3182826
4133311
4533912
5767126
3409150
5563850
3390439
4349558
3904759
7171928
6128822
4166553
8173440
5890466
3694403
6866730
4907368
7606814
3972727
5949254
3742373
5061897
6019353
6218642
2504413
5599349
3703628
5992174
3690485
4146648
5035334
4707833
1992815
5874131
4362751
5636647
3819983
3716842
3196491
7000234
2716383
3389311
6635134
1571136
5625335
3567235
5741507
5545640
5916367
4512680
3646913
6529249
3434213
6415773
5567981
4668874
4380328
1852512
3600476
5012952
4161701
6693491
4864631
5699931
2930251
2930252
3014110
4631145
4546410
3756290
3712893
4354350
3203995
4432396
6867136
5597850
6865459
4395544
3389595
2633119
3425483
2754394
2695125
3428430
3704179
4031308
3055400
4367465
4915269
5037039
2955848
6037213
2954596
3359800
6641556
3547192
2691777
3932519
4439461
4365972
4229403
3947923
4093788
3808494
5358095
3984235
7226193
6665327
3893626
2962771
6324538
3058837
5686497
3799055
2820137
4123458
3214639
3951577
5917670
5857536
3967532
7367463
4108606
7239811
5102559
2810714
4149195
4200728
5061889
3629408
3548054
6370530
2911356
5008996
3066261
5144743
5872489
3700629
2944718
7541958
3499028
4501024
3316530
3039876
3895246
3541484
5683686
6465626
7341762
5418124
5018416
5880688
6608125
3340941
5805503
5860006
5996989
2930456
2367252
4860170
4248329
3946804
3595185
6870830
3348625
3643879
5361617
6124881
3236497
5894856
5625029
5808897
4031585
5504237
3664140
4969622
4651436
3788824
4179865
3348624
5360937
7155040
3498279
6409331
4255331
7238761
